0.1
iou =  0.419252042019597
recall =  0.9395460257448237
precision =  0.8614833643676197

0.3
iou =  0.4192520420195978
recall =  0.724109630694949
precision =  0.847188934876834